线路10,20150104,07,0
线路10,20150104,10,799
线路10,20150104,13,834
线路10,20150104,16,106
线路10,20150104,19,763
线路10,20150105,06,634
线路10,20150107,06,427
线路10,20150106,06,999
线路10,20150105,09,672
线路10,20150106,09,334
线路10,20150107,09,250
线路10,20150105,12,559
线路10,20150106,12,243
线路10,20150107,12,335
线路10,20150107,15,543
线路10,20150105,15,277
线路10,20150106,15,785
线路10,20150106,18,349
线路10,20150105,18,258
线路10,20150107,18,964
线路10,20150107,21,859
线路10,20150105,21,151
线路10,20150106,21,822
线路10,20150102,08,254
线路10,20150103,08,962
线路10,20150101,08,948
线路10,20150103,11,364
线路10,20150102,11,978
线路10,20150101,11,928
线路10,20150102,14,859
线路10,20150103,14,912
线路10,20150101,14,863
线路10,20150103,17,545
线路10,20150102,17,973
线路10,20150101,17,59
线路10,20150102,20,78
线路10,20150101,20,893
线路10,20150103,20,509
线路15,20150104,08,599
线路15,20150104,11,135
线路15,20150104,14,903
线路15,20150104,17,569
线路15,20150104,20,629
线路15,20150106,07,618
线路15,20150105,07,630
线路15,20150107,07,983
线路15,20150106,10,621
线路15,20150105,10,267
线路15,20150107,10,748
线路15,20150105,13,747
线路15,20150107,13,965
线路15,20150106,13,899
线路15,20150105,16,763
线路15,20150106,16,560
线路15,20150107,16,479
线路15,20150107,19,678
线路15,20150105,19,445
线路15,20150106,19,946
线路15,20150103,06,384
线路15,20150102,06,225
线路15,20150101,06,978
线路15,20150101,09,480
线路15,20150103,09,252
线路15,20150102,09,74
线路15,20150101,12,329
线路15,20150103,12,595
线路15,20150102,12,426
线路15,20150103,15,971
线路15,20150101,15,334
线路15,20150102,15,500
线路15,20150102,18,403
线路15,20150101,18,512
线路15,20150103,18,10
线路15,20150102,21,676
线路15,20150103,21,685
线路15,20150101,21,640
线路10,20150104,06,575
线路10,20150104,09,468
线路10,20150104,12,603
线路10,20150104,15,460
线路10,20150104,18,693
线路10,20150104,21,283
线路10,20150107,08,608
线路10,20150105,08,929
线路10,20150106,08,441
线路10,20150107,11,870
线路10,20150105,11,530
线路10,20150106,11,861
线路10,20150106,14,487
线路10,20150105,14,194
线路10,20150107,14,311
线路10,20150106,17,794
线路10,20150105,17,988
线路10,20150107,17,408
线路10,20150105,20,693
线路10,20150106,20,195
线路10,20150107,20,715
线路10,20150102,07,421
线路10,20150103,07,394
线路10,20150101,07,507
线路10,20150102,10,888
线路10,20150103,10,552
线路10,20150101,10,237
线路10,20150101,13,541
线路10,20150103,13,232
线路10,20150102,13,783
线路10,20150102,16,753
线路10,20150101,16,718
线路10,20150103,16,754
线路10,20150102,19,105
线路10,20150101,19,759
线路10,20150103,19,643
线路15,20150104,07,735
线路15,20150104,10,461
线路15,20150104,13,390
线路15,20150104,16,527
线路15,20150104,19,445
线路15,20150107,06,772
线路15,20150105,06,119
线路15,20150106,06,963
线路15,20150105,09,73
线路15,20150107,09,568
线路15,20150106,09,228
线路15,20150105,12,533
线路15,20150107,12,381
线路15,20150106,12,710
线路15,20150107,15,256
线路15,20150106,15,759
线路15,20150105,15,565
线路15,20150105,18,703
线路15,20150106,18,919
线路15,20150107,18,909
线路15,20150105,21,854
线路15,20150106,21,102
线路15,20150107,21,993
线路15,20150102,08,132
线路15,20150101,08,307
线路15,20150103,08,519
线路15,20150102,11,665
线路15,20150101,11,454
线路15,20150103,11,343
线路15,20150102,14,714
线路15,20150101,14,858
线路15,20150103,14,98
线路15,20150103,17,485
线路15,20150102,17,286
线路15,20150101,17,22
线路15,20150101,20,664
线路15,20150103,20,824
线路15,20150102,20,457
线路10,20150104,08,891
线路10,20150104,11,645
线路10,20150104,14,695
线路10,20150104,17,449
线路10,20150104,20,716
线路10,20150107,07,789
线路10,20150105,07,84
线路10,20150106,07,953
线路10,20150106,10,459
线路10,20150105,10,802
线路10,20150107,10,244
线路10,20150106,13,196
线路10,20150107,13,458
线路10,20150105,13,899
线路10,20150105,16,33
线路10,20150106,16,95
线路10,20150107,16,66
线路10,20150106,19,695
线路10,20150107,19,472
线路10,20150105,19,14
线路10,20150103,06,751
线路10,20150101,06,942
线路10,20150102,06,18
线路10,20150101,09,608
线路10,20150102,09,170
线路10,20150103,09,612
线路10,20150103,12,59
线路10,20150102,12,260
线路10,20150101,12,708
线路10,20150102,15,814
线路10,20150101,15,130
线路10,20150103,15,617
线路10,20150101,18,990
线路10,20150102,18,67
线路10,20150103,18,339
线路10,20150102,21,716
线路10,20150101,21,859
线路10,20150103,21,411
线路15,20150104,06,524
线路15,20150104,09,203
线路15,20150104,12,322
线路15,20150104,15,860
线路15,20150104,18,615
线路15,20150104,21,152
线路15,20150107,08,968
线路15,20150106,08,701
线路15,20150105,08,728
线路15,20150107,11,970
线路15,20150106,11,351
线路15,20150105,11,140
线路15,20150105,14,467
线路15,20150106,14,897
线路15,20150107,14,846
线路15,20150105,17,783
线路15,20150106,17,954
线路15,20150107,17,605
线路15,20150107,20,465
线路15,20150105,20,470
线路15,20150106,20,68
线路15,20150101,07,388
线路15,20150103,07,156
线路15,20150102,07,949
线路15,20150103,10,412
线路15,20150102,10,443
线路15,20150101,10,60
线路15,20150102,13,888
线路15,20150101,13,495
线路15,20150103,13,746
线路15,20150101,16,237
线路15,20150103,16,745
线路15,20150102,16,625
线路15,20150103,19,26
线路15,20150101,19,365
线路15,20150102,19,966
